1111111111. 587

8111101111 111 11111111 54, 15. 11111111111111111111111111,1 1111
06, 15. 111111111111 15 11111, 1111111 11111111111 111151οὶ. 12,
11111411 ‘'2‘' ’1111 11111311 11 551111 1118ῗί111111·ἒί
11111 168, 6. cepit 1111111 0111111111 75, 2. 12.
8111111111 15111111111111111111111 1 01111111 fugatus 76, 5. 81-
111111101111.5111111111111111111 1111111111 10 Graecorum 1111111
Α1111111111. 305, 5. 353, 22. 1111 1111111115. 11. 0111111 domum
Mechmete 11. 432, 5. 11111111111115.13. 11111111 111-
815111111111111 1011111111101- 5111 1151111111 420, 6.
1111111111205, 4. 811111111011 1111111111 1111111220,
8111111111 111511 8515111751- 20. 441. 0. 407. 5.

5111111111 rege 1111111101101- 811111 185, 5. 480, 5.

18111131125,1260,0. 11111101, 8111111111 dux 185,2. 203,2. 485,
8111111151 11111378, 12. 8111111 101. 7. 1111 dux 21111-
811111 1111111 11111111110111840, 111204, 14.

6. 358, 3. 811111 11111 13, 14.

³ 8111115111 111111 404, 11. 811111111 111 (1111111011110, 12.
8111111110, 16. 811511 111111 101. 0.

, 811111110, 11. 1522. 17,1. 80, 8111511111 1111111111 11111111 230,

, 23. 73, 6. 77, 16. 100,10 20. 6. 441, 5.

f 101, 1.120,18 127,17. 120, 81111107, 12. 07, 15. 283, 10.

. 1.130,2. 12. 135. 0. 13810. 472, 10. 558, 20. 503. 11.

140,1. 154, 2. 173, 13. 284, 7. 811111 0111 1151111111 210, 6.
468, 12. 531, 2. 81115111111711111111111 11 111111-

1 81511111 1151107, 9. 145, 10. 146, 111111 11, 111111 407, 5.

3. 401, 10. 811101111 111111111111111111375,
81511111111151111111111111151467, 7. 111111375, 16.
17. 8111011151 107, 5. 246, 21. 450,

, 811111111111111111110111111111- 5. 22

J 11135814. 8151111 11151351,1.

’ 81111111 01111 Τ111111352,15. 81511111151432,20.
11111110111. 1111111111111111 81511111 5111111111 11111111 271,

’7111111111 111111 01111111 urbium 6. 8111111111171111111111 1111·
1111111011230,10. 0111811111- 1111 103, 7. 208, 2. 200, 2.

’ 1111202, 5. 81111111111201,11.
8111115110121111111 1111165. 22, 811111111111 543, 20.

“ 113, 8. 128, 5. 167, 7. 370, 8. 811151111711511111111 11111111-
81111111111 164. 21. 01111111115111126,11. 811-

1 811111151202,17. 11111111 1151111111111011101-
8111111. 8111511 20, 14. 111111111512. dicionem 11111111

’ 815111111 11111111 qnae 11111111 10 11 0111111 0111115111128, 16.

’ 11111 51111111 405, 21. 8111111111 1111111111 0111111 ’1111-
8111111270, 13. . 111111 11111 111111 11111111111.
811111 341110. a 7111111111 1111 Mose 10 111-
810111111115111151381, 22. 1111111111 1111111111 Byzantium

· sigismundus Germanorum 1111. transfugit 172, 17.

69,19. 111111101111111011111- 8111111111 81111111 011011111111-
111110111111115.10111111511111 111 111111 111 1111111 1111111111
011111111173. 14. 2467. 111- 170, 6.

11111111 1111101111111511111111 8111511111 15 11111111 11. 1151111
11111111 111 1711111111111111- 1111111 247, 4.

1111 1115151111 74, 0. 1111111- 111111111811111111.218,21.

 

