INDEX HISTORlCUS 607,

6611161161 consobrinam filio 6161661164, tultus. Armenia
suo notho lmphernaudo uxorem 168, 1. 8. 378, 23. 379, 11.
(16011272, 3. 6616 1716111161 611661111464, 5. 16666116Τ16-
Tyrrhenis 66111 gessit ib. 11. 66166611661160111611465, 6.
Ligurum et Tarraconis regionem Arte urbs quse olim Ambracia 210,
fratri Nabaris regi 661661111116. 11. 237, 6.
17. contraTurcos rolectus est Aruingunis urbs 167, 23 168, 8.
430,17.432,13. 33, 5. 1161 1. 6111166.
naves (161611666161489, 14. Amnes Demetrii Emanuelis Grae· .
Amasin urbs 143, 21. corum regis 6111 gener 306, 19.
Amastrum 61611166161166165,7. “ 374, 21. 382, 3. 413, 111411,
460, 9. 5. 447,14. 469,1. 470,13. 472,
Ambracia urbs 210,11. 11. 478, 21. 563, 6.
6616116661 6161 70, 20.1 6111 6Τ61611661 rege in remeas
Amurschorii 116661 16111111 229, 1111 signa distributa 437, 21.
14. 6161 duces 14, 20. qui 666111
6166111111. 1. 0166161011. 0166161616011166161 166111661
Amarates 11. 1. 0166661016. 24, 3. 191161111116661166111
6616161 T 6116116611 1 320, 3. ad Temlrem regem aufugerunt
Amyth-‘ron 244, 6. auxilium rogatum eontraAmura·
Ϊ, Andronicus 111. palaeologi. 1616 1. 39, 5. 65, 17. 102, 3.
' Andronicus 111. 1. palaeologi. 145, 6.
, 6601661661616116116116166111. Assyriorum 1616611661 5, 16. curn
Ἴ 1.1. palaeologi. 666661116111616 64, 21.
’ Andronicus Emsnuelis 1. 1. Pa· 616666121317. 320, 6452, 10.
lasologi. 454, 16. 483, 7.
j 6666 7116616661 regis 6116 527, 611166 12,14. 116161166111207,
17. 4. 319, 3. 320, 5. 327, E.
66166161061611116320144646. 61161611 Persas 167, 13.
66166161 Caroli 01 Tocorum sa· Atzieeries Scytharum 161 129,17.
161116 61161661661213,14. 666- 130, 10. 284, 11.
tra Venetos et 6166661 bellum 61111111 urbes 71, 3.
166111 214, 2. 66111111 61661 71, 3.
Anythines 0. 163,14. . 61161 6. 28, 19. 38, 16.
66161101661 Byzantii quidam loeus 61161061422, 1.
43, 4. 611116111814. (lux Scytharum'
61611611 1111 Albani 319, 3. 324, 8.
6111111119, 14. 6116161616 1. Aeeioiolorum 111111.
6111610. 118, 21. 111 01 qua llsinsrius 207, 21.
610111661 9666606011 regio 253, 0661166891601111 1166666111 113,
11. ,1 ,s
Aretium 6161292,17. 0166111366.
Argentina 6161 70, 4. 20. . 0116166061 Venetus seditiosus 199,
Argos 6161 97, 9. 15.99, 1. 645, 7. 14.
556, 17. 561, 6. Baptista 116616111520, 10.
Argyro 61166666161209, 18213, 06111661 01161111 1. 181, 20.
4. 261, 22. 324, 5. 01116661 01161111 1. 218,13.
Argyrus mons 11 quo Nilus sca· 011666666 87, 3. 267, 1. 274, 3.
16111 141, 20. 0111161061 66116619111061246,19.
611661111249,14.357,16. 1161 01111111 regio 308, 6.
6116 86660111 nupta 350, 8. 011111 01661111 1. 181, 20.
Ariminum 302, 2. 6161 dux 551, 0116110661 6161 246, 7. obsessa
19. 16 66161611 ll. 247, 7. 6 Mech-
Aristinum 557, 2. mets 11. 416, 10. 411, 3. 555, 7.

 

