500 100011 111510516οὃ.

7111111 1111151111 1. 165, 11. 167, 1111111111 1151 101, 8.

1. 111111111111111171111111111. 7110111111111.101111111 111 211.

potum 307, 7.162,2. 111111 regnum 1111111111 23
7111111111111111111111137.11· 10. 111111111111 ΙΙ. 5111111
0111011151 131, 11. seuit 307, 12. foederibus ει
01111111 111111 ’1111111 501, 6. 111151118111111 mandato 11-
0111111111111.166, 10. 51111 5111111 1111111511111311,
01111751131111151111131111- 20322, 20. 325, 1. 011111-

1111151, 18. 1111 1117111111 111511 115111
0131111151115111711511111111 11- 32611. commutate u. pm-

gi· 111111, 1 uorum regiorum lium commisit 330, 10. in qn

1111111 28, 27. 30, 2. 31, 16. 1111111336, 10.

53, 12. 7111111 01111 1. 153, 11.
5111ρχ117111111 137, 21. 'luthariorum 11111111 207,13. 20,
11111111 11111111 302, 8. 10.

01111 Scytharum agorn 127, 17. 21811111 0115111111 11. 1011111151

129, 12. 12. 101, 2. 101, 11. 13511.
01111111111.11111111111111011270, 0111111111 11 7511111111 11111·

6 30210. 111117020011111111111 pm-
01111111 1151273, 16. 1111111176, 21. 181, 11. 4821.
011111 7, 7. 5011. 71, 6. 113, 183,21.181, 11. 527, 10. 551,

21. 200, 1. 202, 7. 205, 22. 208, 15. ,

2. 21510. 211. 3. 235,10. 238, zagora campus 101,1.

13. 251, 10. 261, 16. 27211, 211111 Macedoniae 111111111111,

205,10. 20016. 200, 6. 302, 17. 38, 15. 1111511101111111·

13. 305, 10. 171. 6. 176, 22. 11111 1101131111 81, 7.

178, 018015. 530, 10. 615, 1111511111151115111111 31511.

1155515. 111111 1151 188, 2111111511 2006.

22. reipublicae 111111 101, 3. 21111185111131111111151111 115·

1111111 1513. reliqui mg!- 111121217511111 1111151111
1111111 106, 7. 107. 22. 51111 11111111111111111111115. 11.
dux 108, 5. 11511 1111111111 2111111 111171111111181, 18.
magnificentia 107, 6. 1111111111 2111111 1151 1511111111111151,

0151159717051111111 (1111111101, 111571117711051111 1. 1111151711-
6. 1111 1111111118111111115. 7. 1111352, 15. 303, 20.

Victor 111 11111111011111111111 11. 21111111 811111111111111201, 11.

111ξῖῗί 5115111111. 11. Ζι11111. ssssi‘z'stttJsszffzf‘ssz

72, 0, 111111 53, 11.

111111,,11111 111111 1111111.

 

