⁸570

55195 112, 8113, 13. 115, 1.18.

1 ,1.

Chalcocontlyles. cius 15151115 1115-
515 5115 expulsu 321, 10. ipse
defuncti 11155111 515115 legatus
51 11551115 11. 1111155515 con-
1115155 511320, 18. 321,11. Cun-
1155115101555111 1551155511515-
11151115551551515515555343,10.

015115115111 142, 9. 144, 7. 12.

05511155 18, 6. 25, 9. 242, 21.
Primi 111155 315, 3. 13. 330, 6.
3404053. 352, 22. 375, 20. 377,

r Cheltzichi 467, 12.

01151515 lllccecophorus 457, 8.
Peloponnesi 51 ’1155151155 pruc-
155151 481, 3. 482, 6. 5 Bludo
Daciae principe interiectus 501,
1350212.

0151511551, i. q. 0115111511. 5.
Georgius 437, 8. 14.

011151155146, 8. 47, 20. optimu
1111511111. suggessit 15511115 48,
l. filium 151511 11511551 81,2.
43614.

01515555 peregrinorum 1151 175,
8. 181, 2. 15 proelio 511555
peremtus 551 182, 17.

01515555 peregrinorum dux impe-
rante 1155115515 11. in proelio
50555551151 trucidatus 423,1.

01115555 Longus 8555115111 551
1111155515 1555151 nepos 5111
15511115 0515115115 168, 6. 11-
meniam et Tznpnidns subegit ih.
9. 379, 10. 461, 6. 471, 21. 485,
17. 490, 8. 5155 5551 Doridis
Trapezuntii 153155555511155490,
13. 497, 19.

0155111155 Μ51515515 1. 369, 18

01515511 139, 3. 01515515 163, 20.
5155 rex Τ 5151111 regionem vn·
15111115.

0151115 5115 Hyrcaniae 127, 10.

0151511151 551 5511551151 Message-
155 spisse 5151155151 126, 20.
127, .

01511551 1155151155 1115155511
115515 minister 473, 10.

’ 011561511515151 Laurentius 551
1511115515 posthumum 155555
15151155115 151151 427, 4.

0151115555 5511551155 Ninus 5115

15551 ’

, 128, 5. 14. ’15511115 regul 151151
17. 146, 3. 162, 5. 15. 165, 9. ,
Chersonesus 5 ’151515 vastata 25. 3
13. 5851515555 55151555 acce· p

pit 101, 6.

01115155 Τ11151155 346, 12.

01111155, 0115155555 Ameriae
5155555ιὲ 416, 16. 466, insci, ἶ
· 1

01155 151515 519, 15. 521,17.

0115155115 5111407, 21.

Choaspes 11. 118, 21.

01515111 131, 9. 1

0115151 Stephani Triballorum rr· g
gis 1151512821. 30, 2, 155111 ¹
’151555 progressus ib. 5, 16. 11
proelio occisus est 31, 16. ot,

0111111511ἓ11555155111 regis 1115

Chyprisu 163, 12.

0155511555 131, 10.

0111555115151515 regis 15511511 1.
280, 3.

Cithaeron 561, 2.

0151551165 Elidis 5151155511240,5.
211,

01155 urbs 409, 9.

011115 5155, lllyrici regni sedes
536, 15, 538, 17.

011155 5. clodia 15515 1883 22.

coelesyria 10, 15. 140, 4. 1413,

Colchis 5 1155511115 15111515 65,
7. 66, 16. 5155 rex 81, 17. 1
Μ5111551511. vestuta 416, rt
490, 8. eius 151 'I'ra‘pecnnu's
11111ἳὶ113ᾎῖ1. 111111·

3

0515515 5115 70, 4. 21.

coloniorum 15151115 302, 19.

Colophon 60, 8.

05155551 Τ15ρ515511515555461, l&

051555555 in 1551115 51511 prae-
151155 565, 1.

0551515 Curiae 5115 15, 9.

Constantinus anci 1. 80,13. 81, 7.

Constantinus 1155555115 1. 1. Pr-
ineologi.

Corcyra 187, 12. 485, 6. 210, 15.
251, 19. 265, 3.

05111515 5115 275, 9

0511511111 207, 4. 413, 18. 41118

051555 51111476, 23

 

